cv_2,C058,,Hatch,""
cv_3,C060,,Hatch,""
cv_5,C06F,,Hatch,""
cv_6,C06F,,Hatch,""
cv_7,C068,,Hatch,""
cv_9,1C3E,,Line,""
cv_10,1C42,,Line,""
cv_11,1C43,,Line,""
cv_12,1C46,,Line,""
cv_13,1CA7,,Line,""
cv_14,1CAD,,Line,""
cv_15,1CAF,,Line,""
cv_16,BF92,,Arc,""
cv_18,C3E2,,Hatch,""
cv_19,C3E4,,Hatch,""
cv_21,C492,,Hatch,""
cv_22,C49E,,Hatch,""
cv_23,C479,,Hatch,""
cv_27,1EA,,Polyline,""
cv_28,1B88,,Polyline,""
cv_29,1B8D,,Polyline,""
cv_30,1B97,,Polyline,""
cv_31,1C0D,,Polyline,""
cv_32,2005,,Polyline,""
cv_33,202E,,Polyline,""
cv_34,2035,,Polyline,""
cv_35,24A5,,Polyline,""
cv_36,24B0,,Polyline,""
cv_37,1B81,,Polyline,""
cv_38,1B82,,Polyline,""
cv_39,1B83,,Polyline,""
cv_40,1B84,,Polyline,""
cv_41,1B85,,Polyline,""
cv_42,1B86,,Polyline,""
cv_43,1B87,,Polyline,""
cv_44,1B89,,Line,""
cv_45,1B8A,,Line,""
cv_46,1B8B,,Line,""
cv_47,1B8C,,Line,""
cv_48,1B98,,Line,""
cv_49,1B9C,,Polyline,""
cv_50,1B9D,,Polyline,""
cv_51,1B9E,,Polyline,""
cv_52,1B9F,,Polyline,""
cv_53,1BA0,,Polyline,""
cv_54,1BA1,,Polyline,""
cv_55,1BA2,,Polyline,""
cv_56,1BA3,,Polyline,""
cv_57,1BA4,,Polyline,""
cv_58,1BA5,,Polyline,""
cv_59,1BA9,,Polyline,""
cv_60,1C10,,Polyline,""
cv_61,1C11,,Line,""
cv_62,1C16,,Polyline,""
cv_63,1C3B,,Line,""
cv_64,1CB1,,Line,""
cv_65,1CB2,,Line,""
cv_66,1CB3,,Line,""
cv_67,1E32,,Line,""
cv_68,BFC2,,Line,""
cv_69,1EF8,,Line,""
cv_70,1EFA,,Line,""
cv_71,7EBD,,Line,""
cv_72,1F1E,,Line,""
cv_73,7EBC,,Line,""
cv_74,1F25,,Line,""
cv_75,1F28,,Line,""
cv_76,1F4B,,Line,""
cv_77,1FEE,,Polyline,""
cv_78,1FEF,,Polyline,""
cv_79,1FF0,,Polyline,""
cv_80,1FF1,,Polyline,""
cv_81,1FF8,,Polyline,""
cv_82,200D,,Polyline,""
cv_83,200E,,Polyline,""
cv_84,200F,,Polyline,""
cv_85,2010,,Polyline,""
cv_86,2011,,Polyline,""
cv_87,2013,,Polyline,""
cv_88,2014,,Polyline,""
cv_89,2015,,Polyline,""
cv_90,2034,,Polyline,""
cv_91,203B,,Polyline,""
cv_92,2488,,Polyline,""
cv_93,2489,,Polyline,""
cv_94,24AF,,Polyline,""
cv_95,24B6,,Polyline,""
cv_96,4B6B,,Line,""
cv_97,1B8E,,Arc,""
cv_99,C03B,,Line,""
cv_103,22A,,Polyline,""
cv_104,1BC2,,Polyline,""
cv_105,1F08,,Polyline,""
cv_106,1F0E,,Polyline,""
cv_107,2265,,Polyline,""
cv_108,B852,,Polyline,""
cv_109,B858,,Polyline,""
cv_110,B859,,Polyline,""
cv_111,22B,,Polyline,""
cv_112,22E,,Polyline,""
cv_113,230,,Polyline,""
cv_114,231,,Polyline,""
cv_115,233,,Polyline,""
cv_116,234,,Polyline,""
cv_117,236,,Polyline,""
cv_118,237,,Polyline,""
cv_119,239,,Polyline,""
cv_120,23D,,Polyline,""
cv_121,23E,,Polyline,""
cv_122,23F,,Polyline,""
cv_123,240,,Polyline,""
cv_124,24A,,Polyline,""
cv_125,24B,,Polyline,""
cv_126,24C,,Polyline,""
cv_127,24D,,Polyline,""
cv_128,1BC3,,Polyline,""
cv_129,1BC4,,Polyline,""
cv_130,1BC5,,Polyline,""
cv_131,1BC6,,Polyline,""
cv_132,1BC7,,Polyline,""
cv_133,1BC8,,Polyline,""
cv_134,1BC9,,Polyline,""
cv_135,1BCA,,Polyline,""
cv_136,1BCB,,Polyline,""
cv_137,1BCC,,Polyline,""
cv_138,1BCD,,Polyline,""
cv_139,1BCE,,Polyline,""
cv_140,1BCF,,Polyline,""
cv_141,1BD0,,Polyline,""
cv_142,1C09,,Polyline,""
cv_143,1C0A,,Polyline,""
cv_144,1C0B,,Polyline,""
cv_145,1C0C,,Polyline,""
cv_146,1C19,,Polyline,""
cv_147,1C1A,,Polyline,""
cv_148,1C1B,,Polyline,""
cv_149,1F09,,Polyline,""
cv_150,1F0A,,Polyline,""
cv_151,1F0B,,Polyline,""
cv_152,1F0C,,Polyline,""
cv_153,1F0D,,Polyline,""
cv_154,1F10,,Polyline,""
cv_155,1F11,,Polyline,""
cv_156,1F12,,Polyline,""
cv_157,1F13,,Polyline,""
cv_158,1F14,,Polyline,""
cv_159,2235,,Polyline,""
cv_160,2236,,Polyline,""
cv_161,2258,,Polyline,""
cv_162,2259,,Polyline,""
cv_163,225A,,Polyline,""
cv_164,225B,,Polyline,""
cv_165,B853,,Polyline,""
cv_166,B854,,Polyline,""
cv_167,B855,,Polyline,""
cv_168,B856,,Polyline,""
cv_169,B857,,Polyline,""
cv_170,B85A,,Polyline,""
cv_171,B85B,,Polyline,""
cv_172,B85C,,Polyline,""
cv_173,B85D,,Polyline,""
cv_174,B85E,,Polyline,""
cv_175,C087,,Line,""
cv_177,B84E,,Polyline,""
cv_181,2B5,,Point,""
cv_182,246D,,Point,""
cv_183,2482,,Point,""
cv_184,24A2,,Point,""
cv_185,24A3,,Point,""
cv_186,2B5,,Point,""
cv_187,246D,,Point,""
cv_188,2482,,Point,""
cv_189,24A2,,Point,""
cv_190,24A3,,Point,""
cv_192,9E02,,Line,""
cv_196,2BA,,Polyline,""
cv_200,2E9,,Point,""
cv_201,2E9,,Point,""
cv_205,C070,,Polyline,""
cv_206,7D7A,,Polyline,""
cv_207,B85F,,Polyline,""
cv_208,565,,Polyline,""
cv_209,566,,Polyline,""
cv_210,567,,Polyline,""
cv_211,568,,Polyline,""
cv_212,1F07,,Polyline,""
cv_213,B84F,,Polyline,""
cv_215,1F0F,,Polyline,""
cv_216,1BD1,,Polyline,""
cv_217,1BD2,,Polyline,""
cv_218,1BD3,,Polyline,""
cv_219,1BD4,,Polyline,""
cv_220,1BD5,,Polyline,""
cv_221,1BD6,,Polyline,""
cv_222,1BD7,,Polyline,""
cv_223,1BD8,,Polyline,""
cv_224,2237,,Polyline,""
cv_225,2238,,Polyline,""
cv_226,2239,,Polyline,""
cv_227,223A,,Polyline,""
cv_228,223B,,Polyline,""
cv_229,223C,,Polyline,""
cv_230,223D,,Polyline,""
cv_231,223E,,Polyline,""
cv_233,B7D9,,Polyline,""
cv_234,B7DA,,Polyline,""
cv_235,B7DB,,Polyline,""
cv_236,B7DC,,Polyline,""
cv_240,692,,Polyline,""
cv_241,693,,Polyline,""
cv_242,694,,Polyline,""
cv_243,695,,Polyline,""
cv_247,1B80,,Polyline,""
cv_248,1C49,,Polyline,""
cv_249,1C27,,Line,""
cv_250,1C28,,Line,""
cv_251,1C29,,Line,""
cv_252,1C2A,,Line,""
cv_253,1C2B,,Line,""
cv_254,1C2C,,Line,""
cv_255,1C2D,,Line,""
cv_256,1C2E,,Line,""
cv_257,1C2F,,Line,""
cv_258,1C30,,Line,""
cv_259,1C31,,Line,""
cv_260,1C32,,Line,""
cv_261,1C4A,,Line,""
cv_262,1C4B,,Line,""
cv_263,1C4C,,Line,""
cv_264,1C4D,,Line,""
cv_265,1C4E,,Line,""
cv_266,1C4F,,Line,""
cv_267,1C50,,Line,""
cv_268,1C51,,Line,""
cv_269,1C52,,Line,""
cv_270,1C53,,Line,""
cv_271,1C54,,Line,""
cv_272,1C55,,Line,""
cv_273,1C56,,Line,""
cv_274,1C57,,Line,""
cv_275,1C58,,Line,""
cv_276,1C59,,Line,""
cv_277,1C5A,,Line,""
cv_278,1C5B,,Line,""
cv_279,1C5C,,Line,""
cv_280,1C5D,,Line,""
cv_281,1C5E,,Line,""
cv_282,1C5F,,Line,""
cv_283,1C60,,Line,""
cv_284,1C61,,Line,""
cv_285,1C62,,Line,""
cv_286,1C63,,Line,""
cv_287,1C64,,Line,""
cv_288,1C65,,Line,""
cv_289,1C66,,Line,""
cv_290,1C67,,Line,""
cv_291,1C68,,Line,""
cv_292,1C69,,Line,""
cv_293,1C6A,,Line,""
cv_294,1C6B,,Line,""
cv_295,1C6C,,Line,""
cv_296,1C6D,,Line,""
cv_297,1C6E,,Line,""
cv_298,1C6F,,Line,""
cv_299,1C70,,Line,""
cv_300,1C71,,Line,""
cv_301,1C72,,Line,""
cv_302,1C73,,Line,""
cv_303,1C74,,Line,""
cv_304,1C75,,Line,""
cv_305,1C76,,Line,""
cv_306,1C77,,Line,""
cv_307,1C78,,Line,""
cv_308,1C79,,Line,""
cv_309,1C7A,,Line,""
cv_310,1C7C,,Line,""
cv_311,1C7D,,Line,""
cv_312,1C7E,,Line,""
cv_313,1C7F,,Line,""
cv_314,1C80,,Line,""
cv_315,1C81,,Line,""
cv_316,1C82,,Line,""
cv_317,1C83,,Line,""
cv_318,1C84,,Line,""
cv_319,1C85,,Line,""
cv_320,1C86,,Line,""
cv_321,1C87,,Line,""
cv_322,1C88,,Line,""
cv_323,1C89,,Line,""
cv_324,1C8A,,Line,""
cv_325,1C8B,,Line,""
cv_326,1C8C,,Line,""
cv_327,1C8D,,Line,""
cv_328,1C8E,,Line,""
cv_329,1C8F,,Line,""
cv_330,1C90,,Line,""
cv_331,1C91,,Line,""
cv_332,1C92,,Line,""
cv_333,1C93,,Line,""
cv_334,1C94,,Line,""
cv_335,1C95,,Line,""
cv_336,1C96,,Line,""
cv_337,1C97,,Line,""
cv_338,1C98,,Line,""
cv_339,1C99,,Line,""
cv_340,1C9A,,Line,""
cv_341,1C9B,,Line,""
cv_342,1C9C,,Line,""
cv_343,1F4D,,Line,""
cv_344,1F9B,,Line,""
cv_345,1F9C,,Line,""
cv_346,1F9D,,Line,""
cv_347,1F9E,,Line,""
cv_348,1F9F,,Line,""
cv_349,1FA0,,Line,""
cv_350,1FA1,,Line,""
cv_351,1FA2,,Line,""
cv_352,1FA3,,Line,""
cv_353,1FA4,,Line,""
cv_354,1FA5,,Line,""
cv_355,1FA6,,Line,""
cv_356,1FA7,,Line,""
cv_357,1FA8,,Line,""
cv_358,1FA9,,Line,""
cv_359,1FAA,,Line,""
cv_360,1FAB,,Line,""
cv_361,1FAC,,Line,""
cv_362,1FAD,,Line,""
cv_363,1FAE,,Line,""
cv_364,1FAF,,Line,""
cv_365,1FB0,,Line,""
cv_366,1FB1,,Line,""
cv_367,1FB2,,Line,""
cv_368,1FB3,,Line,""
cv_369,1FB4,,Line,""
cv_370,1FB5,,Line,""
cv_371,1FB6,,Line,""
cv_372,1FB7,,Line,""
cv_373,1FB8,,Line,""
cv_374,1FB9,,Line,""
cv_375,1FBA,,Line,""
cv_376,1FBB,,Line,""
cv_377,1FBC,,Line,""
cv_378,1FBD,,Line,""
cv_379,1FBE,,Line,""
cv_380,1FBF,,Line,""
cv_381,1FC0,,Line,""
cv_382,1FC1,,Line,""
cv_383,1FC2,,Line,""
cv_384,1FC3,,Line,""
cv_385,1FC4,,Line,""
cv_386,1FC5,,Line,""
cv_387,1FC6,,Line,""
cv_388,1FC7,,Line,""
cv_389,1FC8,,Line,""
cv_390,1FC9,,Line,""
cv_391,1FCA,,Line,""
cv_392,1FCB,,Line,""
cv_393,1FCC,,Line,""
cv_394,1FCD,,Line,""
cv_395,1FCE,,Line,""
cv_396,1FCF,,Line,""
cv_397,1FD0,,Line,""
cv_398,1FD1,,Line,""
cv_399,1FD2,,Line,""
cv_400,1FD3,,Line,""
cv_401,1FD4,,Line,""
cv_402,1FD5,,Line,""
cv_403,1FD6,,Line,""
cv_404,1FD7,,Line,""
cv_405,1FD8,,Line,""
cv_406,1FD9,,Line,""
cv_407,1FDA,,Line,""
cv_408,1FDB,,Line,""
cv_409,1FDC,,Line,""
cv_410,1FDE,,Line,""
cv_411,1FDF,,Line,""
cv_412,1F20,,Arc,""
cv_413,1F16,,Text,""
cv_414,BFED,,Text,""
cv_415,1F17,,Text,""
cv_416,1F18,,Text,""
cv_417,1F19,,Text,""
cv_418,1F1A,,Text,""
cv_419,1F1B,,Text,""
cv_420,B860,,Text,""
cv_421,B861,,Text,""
cv_422,B862,,Text,""
cv_423,B863,,Text,""
cv_427,1BD9,,Polyline,""
cv_431,1BDA,,Polyline,""
cv_432,1BDB,,Polyline,""
cv_433,1BDD,,Polyline,""
cv_434,1BEC,,Polyline,""
cv_435,1BEF,,Polyline,""
cv_436,1BF8,,Polyline,""
cv_437,1C08,,Polyline,""
cv_438,1BDC,,Polyline,""
cv_439,1BDE,,Polyline,""
cv_440,1BDF,,Polyline,""
cv_441,1BE0,,Polyline,""
cv_442,1BE1,,Polyline,""
cv_443,1BE2,,Polyline,""
cv_444,1BE5,,Polyline,""
cv_445,1BE6,,Polyline,""
cv_446,1BE9,,Polyline,""
cv_447,1BF4,,Polyline,""
cv_448,1BF5,,Polyline,""
cv_449,1BF6,,Polyline,""
cv_450,1BFC,,Polyline,""
cv_451,1BFD,,Polyline,""
cv_452,1BFF,,Polyline,""
cv_453,1C02,,Polyline,""
cv_454,1C05,,Polyline,""
cv_455,1C07,,Polyline,""
cv_456,223F,,Polyline,""
cv_457,2246,,Polyline,""
cv_458,224D,,Polyline,""
cv_459,2254,,Polyline,""
cv_460,2256,,Polyline,""
cv_461,1BE3,,Arc,""
cv_463,1BF2,,Arc,""
cv_467,1C0E,,Polyline,""
cv_468,201C,,Polyline,""
cv_469,1C03,,Polyline,""
cv_470,1C1C,,Polyline,""
cv_471,1C24,,Polyline,""
cv_472,1C25,,Polyline,""
cv_473,1EFE,,Line,""
cv_474,1F00,,Line,""
cv_475,1F01,,Line,""
cv_476,2031,,Polyline,""
cv_477,2032,,Polyline,""
cv_478,2039,,Polyline,""
cv_479,203A,,Polyline,""
cv_480,24A8,,Polyline,""
cv_481,24A9,,Polyline,""
cv_482,24B3,,Polyline,""
cv_483,7D8D,,Line,""
cv_484,BAA8,,Line,""
cv_485,9E34,,Polyline,""
cv_486,BF93,,Line,""
cv_487,B844,,Line,""
cv_488,B845,,Line,""
cv_489,B847,,Line,""
cv_490,1C1D,,Arc,""
cv_492,7D73,,Polyline,""
cv_493,9DFC,,Polyline,""
cv_497,1C20,,Polyline,""
cv_498,1C21,,Polyline,""
cv_499,1C22,,Polyline,""
cv_500,1C23,,Polyline,""
cv_504,1C33,,Line,""
cv_505,1C35,,Line,""
cv_506,1C9E,,Line,""
cv_507,1C9F,,Line,""
cv_511,1C39,,Line,""
cv_515,1C3C,,Circle,""
cv_516,1C3D,,Circle,""
cv_520,1C47,,Line,""
cv_521,1CAA,,Line,""
cv_525,1C48,,Line,""
cv_529,1C7B,,Line,""
cv_532,1C9D,,Text,""
cv_533,1CA5,,Text,""
cv_534,1CBD,,Text,""
cv_535,1CBF,,Text,""
cv_536,1F99,,Text,""
cv_537,1F9A,,Text,""
cv_541,1CA4,,Line,""
cv_545,1CA9,,Line,""
cv_549,1E30,,Polyline,""
cv_550,1CB4,,Line,""
cv_551,1E54,,Line,""
cv_552,1E58,,Line,""
cv_553,1EA0,,Line,""
cv_554,1F1D,,Line,""
cv_555,1F2A,,Line,""
cv_556,1F33,,Line,""
cv_557,B915,,Line,""
cv_558,B916,,Line,""
cv_559,B917,,Line,""
cv_560,B940,,Line,""
cv_561,B941,,Line,""
cv_562,B943,,Line,""
cv_563,1CB5,,Arc,""
cv_565,1CF8,,Line,""
cv_566,1CF9,,Line,""
cv_567,1CFA,,Line,""
cv_568,1CFB,,Line,""
cv_569,1CFC,,Line,""
cv_571,B8BD,,Polyline,""
cv_575,1CB7,,Hatch,""
cv_576,1E25,,Hatch,""
cv_577,1F8D,,Hatch,""
cv_578,B984,,Hatch,""
cv_579,B989,,Hatch,""
cv_582,1CBE,,Text,""
cv_583,1CCB,,Text,""
cv_584,1CCD,,Text,""
cv_585,1CCE,,Text,""
cv_586,1E2F,,Text,""
cv_587,1E31,,Text,""
cv_588,B7DD,,Text,""
cv_589,B7DE,,Text,""
cv_590,B919,,Text,""
cv_591,B91A,,Text,""
cv_592,C019,,Text,""
cv_593,C01A,,Text,""
cv_594,C01B,,Text,""
cv_595,C03A,,Text,""
cv_596,C067,,Text,""
cv_597,C3E3,,Text,""
cv_598,C478,,Text,""
cv_599,B8B3,,Text,""
cv_600,B985,,Text,""
cv_601,B98F,,Text,""
cv_602,B8B4,,Text,""
cv_603,B990,,Text,""
cv_604,BDB6,,Text,""
cv_605,B8B7,,Text,""
cv_606,B8B8,,Text,""
cv_607,B8BA,,Text,""
cv_608,B8B9,,Text,""
cv_611,1CC0,,Text,""
cv_612,BF03,,Text,""
cv_613,1CC1,,Text,""
cv_614,1CC2,,Text,""
cv_615,1CC8,,Text,""
cv_616,1CC3,,Text,""
cv_617,1CC4,,Text,""
cv_618,1CC5,,Text,""
cv_619,1CC6,,Text,""
cv_620,1CC7,,Text,""
cv_621,B840,,Text,""
cv_622,1FEA,,Text,""
cv_623,1FEB,,Text,""
cv_624,1FEC,,Text,""
cv_625,1FF3,,Text,""
cv_626,1FF4,,Text,""
cv_627,1FF5,,Text,""
cv_631,BA32,,Solid,""
cv_632,BA33,,Solid,""
cv_634,1FE0,,Polyline,""
cv_635,1CCC,,Line,""
cv_636,1FE1,,Polyline,""
cv_637,1FE9,,Line,""
cv_638,BA2F,,Line,""
cv_639,BA30,,Line,""
cv_640,BA31,,Line,""
cv_642,9E3A,,Polyline,""
cv_643,9E3B,,Polyline,""
cv_644,BA34,,MText,""
cv_648,4B04,BBD6,Line,"_Oblique_1"
cv_650,532A,BBD7,Hatch,"VDDIM_DEFAULT_2"
cv_652,4B04,BFE5,Line,"_Oblique_3"
cv_654,532A,BFE6,Hatch,"VDDIM_DEFAULT_4"
cv_656,1CCF,,Polyline,""
cv_660,1CD0,,Line,""
cv_661,1CD1,,Line,""
cv_662,1CD2,,Line,""
cv_663,1CDE,,Line,""
cv_664,1CDF,,Line,""
cv_665,1CE2,,Line,""
cv_666,1CE8,,Line,""
cv_667,1CE9,,Line,""
cv_668,1CEA,,Line,""
cv_669,1CEB,,Line,""
cv_670,1CEC,,Line,""
cv_671,1CED,,Line,""
cv_672,1CF4,,Line,""
cv_673,1CF5,,Line,""
cv_674,1CF6,,Line,""
cv_675,1CF7,,Line,""
cv_676,1CF2,,Arc,""
cv_680,B9B7,,Polyline,""
cv_681,B9B8,,Polyline,""
cv_682,1D09,,Line,""
cv_683,1E2C,,Line,""
cv_684,B9B6,,Polyline,""
cv_688,1D6E,,Line,""
cv_689,1D6F,,Line,""
cv_690,1D71,,Line,""
cv_691,1D72,,Line,""
cv_692,1D73,,Line,""
cv_693,1D7B,,Line,""
cv_695,B929,,Line,""
cv_696,B92A,,Line,""
cv_697,B92C,,Line,""
cv_698,B92D,,Line,""
cv_699,B930,,Line,""
cv_700,B931,,Line,""
cv_701,B932,,Line,""
cv_702,B933,,Line,""
cv_703,B994,,Line,""
cv_704,B995,,Line,""
cv_705,B997,,Line,""
cv_706,B998,,Line,""
cv_707,B999,,Line,""
cv_708,B99C,,Line,""
cv_709,B99D,,Line,""
cv_710,B99E,,Line,""
cv_711,B9A9,,Line,""
cv_712,B9AA,,Line,""
cv_713,B9AD,,Line,""
cv_714,B9AE,,Line,""
cv_715,B9AF,,Line,""
cv_716,1D6D,,Text,""
cv_717,1D70,,Text,""
cv_718,1D74,,Text,""
cv_719,1D75,,Text,""
cv_720,B928,,Text,""
cv_721,B92B,,Text,""
cv_722,B92E,,Text,""
cv_723,B92F,,Text,""
cv_724,B993,,Text,""
cv_725,B996,,Text,""
cv_726,B99A,,Text,""
cv_727,B99B,,Text,""
cv_728,B9A8,,Text,""
cv_729,B9AB,,Text,""
cv_730,B9AC,,Text,""
cv_734,9E1D,,Hatch,""
cv_735,9E1D,,Hatch,""
cv_736,9E21,,Hatch,""
cv_737,9E21,,Hatch,""
cv_738,B7B8,,Hatch,""
cv_739,B7B8,,Hatch,""
cv_741,BFC3,,Polyline,""
cv_742,C064,,Polyline,""
cv_743,B7F7,,Line,""
cv_744,C039,,Line,""
cv_745,BA21,,Arc,""
cv_747,C3C6,,Polyline,""
cv_748,C3C2,,Polyline,""
cv_750,BFDE,,Polyline,""
cv_751,234C,,Line,""
cv_752,B7C6,,Line,""
cv_753,B7E9,,Line,""
cv_754,B7F3,,Line,""
cv_755,C063,,Line,""
cv_756,B8BB,,Line,""
cv_757,B9A1,,Line,""
cv_758,BA19,,Polyline,""
cv_759,BA1A,,Polyline,""
cv_760,BA22,,Line,""
cv_761,BD54,,Line,""
cv_762,BD56,,Line,""
cv_763,BD60,,Line,""
cv_764,BD76,,Line,""
cv_765,BDA4,,Line,""
cv_766,B7C2,,Arc,""
cv_767,BD6D,,Arc,""
cv_768,B913,,Circle,""
cv_769,B93E,,Circle,""
cv_770,B9A2,,Circle,""
cv_772,B7A8,,Polyline,""
cv_773,B7B5,,Polyline,""
cv_774,9E1D,,Polyline,""
cv_775,9E20,,Polyline,""
cv_776,9E21,,Polyline,""
cv_777,9E24,,Polyline,""
cv_778,9E3D,,Polyline,""
cv_779,B7B8,,Polyline,""
cv_780,B7C5,,Line,""
cv_781,B7CB,,Line,""
cv_782,B7CC,,Line,""
cv_783,B7CD,,Line,""
cv_784,B7CE,,Line,""
cv_785,B7CF,,Line,""
cv_786,B7D0,,Line,""
cv_787,B7D1,,Line,""
cv_788,B7D2,,Line,""
cv_789,B7D3,,Line,""
cv_790,B7D4,,Line,""
cv_791,B7D5,,Line,""
cv_792,B7D6,,Line,""
cv_793,B7D7,,Line,""
cv_794,B7D8,,Line,""
cv_795,B7DF,,Line,""
cv_796,B7E0,,Line,""
cv_797,B7E1,,Line,""
cv_798,B7E2,,Line,""
cv_799,B7E3,,Line,""
cv_800,B7E4,,Line,""
cv_801,B7E5,,Line,""
cv_802,B7E6,,Line,""
cv_803,B7EB,,Line,""
cv_804,B7F0,,Line,""
cv_805,B7F6,,Line,""
cv_806,B80E,,Line,""
cv_807,B811,,Line,""
cv_808,B812,,Line,""
cv_809,B813,,Line,""
cv_810,B8DB,,Line,""
cv_811,B97A,,Line,""
cv_812,B97B,,Line,""
cv_813,B980,,Line,""
cv_814,B981,,Line,""
cv_815,BCEF,,Line,""
cv_816,BCF0,,Line,""
cv_817,BCF1,,Line,""
cv_818,BCF2,,Line,""
cv_819,BCF3,,Line,""
cv_820,BCF8,,Line,""
cv_821,BCFB,,Line,""
cv_822,BCFC,,Line,""
cv_823,BCFD,,Line,""
cv_824,BD0A,,Line,""
cv_825,BD0B,,Line,""
cv_826,BD0C,,Line,""
cv_827,BD0D,,Line,""
cv_828,BD20,,Line,""
cv_829,BD21,,Line,""
cv_830,BD22,,Line,""
cv_831,BD23,,Line,""
cv_832,BD24,,Line,""
cv_833,BD25,,Line,""
cv_834,BD26,,Line,""
cv_835,BD40,,Line,""
cv_836,BD53,,Line,""
cv_837,BD55,,Line,""
cv_838,BD5F,,Line,""
cv_839,BD7E,,Line,""
cv_840,BD86,,Line,""
cv_841,BD90,,Line,""
cv_842,BD9A,,Line,""
cv_843,BDA3,,Line,""
cv_844,B7C8,,Arc,""
cv_845,BD92,,Arc,""
cv_846,9E1D,,Circle,""
cv_847,9E21,,Circle,""
cv_848,B7B8,,Circle,""
cv_851,1F6C,,Text,""
cv_852,B80A,,Text,""
cv_853,B86C,,Text,""
cv_854,B872,,Text,""
cv_855,B878,,Text,""
cv_856,B87E,,Text,""
cv_857,B884,,Text,""
cv_858,B88A,,Text,""
cv_859,B890,,Text,""
cv_860,B896,,Text,""
cv_861,B89C,,Text,""
cv_862,B8A1,,Text,""
cv_863,B8A6,,Text,""
cv_864,B8AB,,Text,""
cv_865,B8B0,,Text,""
cv_866,B8B5,,Text,""
cv_867,B8BE,,Text,""
cv_868,B8C2,,Text,""
cv_869,B8C8,,Text,""
cv_870,B8CE,,Text,""
cv_871,B8D4,,Text,""
cv_872,B934,,Text,""
cv_873,B987,,Text,""
cv_874,B991,,Text,""
cv_875,BD08,,Text,""
cv_876,BD33,,Text,""
cv_877,BD35,,Text,""
cv_878,B802,,Text,""
cv_879,B805,,Text,""
cv_880,B818,,Text,""
cv_881,B81E,,Text,""
cv_882,B823,,Text,""
cv_883,B829,,Text,""
cv_884,B838,,Text,""
cv_885,B8E2,,Text,""
cv_886,B8E8,,Text,""
cv_887,B8ED,,Text,""
cv_888,B8F3,,Text,""
cv_889,B8F8,,Text,""
cv_890,B8FE,,Text,""
cv_891,B903,,Text,""
cv_892,B909,,Text,""
cv_893,B90E,,Text,""
cv_894,B946,,Text,""
cv_895,B94C,,Text,""
cv_896,B95F,,Text,""
cv_897,B962,,Text,""
cv_898,B965,,Text,""
cv_899,B968,,Text,""
cv_900,BCF4,,Text,""
cv_901,BCF6,,Text,""
cv_902,BCFE,,Text,""
cv_903,BD00,,Text,""
cv_904,BD02,,Text,""
cv_905,BD04,,Text,""
cv_906,BD06,,Text,""
cv_907,BD0E,,Text,""
cv_908,BD10,,Text,""
cv_909,BD12,,Text,""
cv_910,BD14,,Text,""
cv_911,BD16,,Text,""
cv_912,BD18,,Text,""
cv_913,BD1A,,Text,""
cv_914,BD1C,,Text,""
cv_915,BD1E,,Text,""
cv_916,BD27,,Text,""
cv_917,BD29,,Text,""
cv_918,BD2B,,Text,""
cv_919,BD2D,,Text,""
cv_920,BD2F,,Text,""
cv_921,BD31,,Text,""
cv_924,1FE5,,Text,""
cv_925,1FE7,,Text,""
cv_926,1FE6,,Text,""
cv_929,1FFC,,Text,""
cv_930,1FFD,,Text,""
cv_931,9E2F,,Text,""
cv_932,9E30,,Text,""
cv_933,9E31,,Text,""
cv_934,9E32,,Text,""
cv_935,9E33,,Text,""
cv_939,61E2,,Polyline,""
cv_940,6245,,Line,""
cv_941,6246,,Line,""
cv_942,624A,,Line,""
cv_943,624C,,Line,""
cv_944,624E,,Line,""
cv_945,6250,,Line,""
cv_946,6252,,Line,""
cv_947,6254,,Line,""
cv_948,6256,,Line,""
cv_949,6247,,Text,""
cv_950,6248,,Text,""
cv_951,6249,,Text,""
cv_952,624B,,Text,""
cv_953,624D,,Text,""
cv_954,624F,,Text,""
cv_955,6251,,Text,""
cv_956,6253,,Text,""
cv_957,6255,,Text,""
cv_961,54A9,54F6,Polyline,"PERFIL_30_7_2019_8_51_3_5"
cv_962,54E8,54F6,Line,"PERFIL_30_7_2019_8_51_3_5"
cv_963,54E9,54F6,Line,"PERFIL_30_7_2019_8_51_3_5"
cv_964,54ED,54F6,Line,"PERFIL_30_7_2019_8_51_3_5"
cv_965,54EF,54F6,Line,"PERFIL_30_7_2019_8_51_3_5"
cv_966,54F1,54F6,Line,"PERFIL_30_7_2019_8_51_3_5"
cv_967,54F3,54F6,Line,"PERFIL_30_7_2019_8_51_3_5"
cv_968,54F5,54F6,Line,"PERFIL_30_7_2019_8_51_3_5"
cv_969,54EA,54F6,Text,"PERFIL_30_7_2019_8_51_3_5"
cv_970,54EB,54F6,Text,"PERFIL_30_7_2019_8_51_3_5"
cv_971,54EC,54F6,Text,"PERFIL_30_7_2019_8_51_3_5"
cv_972,54EE,54F6,Text,"PERFIL_30_7_2019_8_51_3_5"
cv_973,54F0,54F6,Text,"PERFIL_30_7_2019_8_51_3_5"
cv_974,54F2,54F6,Text,"PERFIL_30_7_2019_8_51_3_5"
cv_975,54F4,54F6,Text,"PERFIL_30_7_2019_8_51_3_5"
cv_977,61E3,,Polyline,""
cv_978,6233,,Line,""
cv_979,6234,,Line,""
cv_981,6238,,Line,""
cv_982,623A,,Line,""
cv_983,623C,,Line,""
cv_985,623E,,Line,""
cv_986,6240,,Line,""
cv_987,6242,,Line,""
cv_988,6244,,Line,""
cv_989,6237,,Text,""
cv_990,6239,,Text,""
cv_991,623B,,Text,""
cv_992,623D,,Text,""
cv_993,623F,,Text,""
cv_994,6241,,Text,""
cv_995,6243,,Text,""
cv_996,6235,,Text,""
cv_997,6236,,Text,""
cv_1001,61E4,,Polyline,""
cv_1002,6218,,Line,""
cv_1003,6219,,Line,""
cv_1004,621A,,Line,""
cv_1005,6220,,Line,""
cv_1006,6223,,Line,""
cv_1007,6226,,Line,""
cv_1008,6229,,Line,""
cv_1009,622C,,Line,""
cv_1010,622F,,Line,""
cv_1011,6232,,Line,""
cv_1012,621B,,Text,""
cv_1013,621C,,Text,""
cv_1014,621D,,Text,""
cv_1015,621E,,Text,""
cv_1016,621F,,Text,""
cv_1017,6221,,Text,""
cv_1018,6222,,Text,""
cv_1019,6224,,Text,""
cv_1020,6225,,Text,""
cv_1021,6227,,Text,""
cv_1022,6228,,Text,""
cv_1023,622A,,Text,""
cv_1024,622B,,Text,""
cv_1025,622D,,Text,""
cv_1026,622E,,Text,""
cv_1027,6230,,Text,""
cv_1028,6231,,Text,""
cv_1032,61E5,,Polyline,""
cv_1033,6212,,Line,""
cv_1034,6215,,Line,""
cv_1035,620A,,Text,""
cv_1036,620B,,Text,""
cv_1037,620D,,Text,""
cv_1038,620E,,Text,""
cv_1039,620F,,Text,""
cv_1040,6211,,Text,""
cv_1041,6213,,Text,""
cv_1042,6214,,Text,""
cv_1043,6216,,Text,""
cv_1044,6217,,Text,""
cv_1048,54AC,54F6,Polyline,"PERFIL_30_7_2019_8_51_3_6"
cv_1049,54C3,54F6,Text,"PERFIL_30_7_2019_8_51_3_6"
cv_1050,54C4,54F6,Text,"PERFIL_30_7_2019_8_51_3_6"
cv_1052,61E6,,Polyline,""
cv_1054,61E7,,Hatch,""
cv_1058,5602,54F6,Hatch,"PERFIL_30_7_2019_8_51_3_7"
cv_1060,54AD,54F6,Polyline,"PERFIL_30_7_2019_8_51_3_7"
cv_1062,61E7,,Polyline,""
cv_1063,61EB,,Polyline,""
cv_1065,61E9,,Hatch,""
cv_1066,61ED,,Hatch,""
cv_1070,5606,54F6,Hatch,"PERFIL_30_7_2019_8_51_3_8"
cv_1072,54AF,54F6,Polyline,"PERFIL_30_7_2019_8_51_3_8"
cv_1074,61E9,,Polyline,""
cv_1075,61ED,,Polyline,""
cv_1077,61EB,,Hatch,""
cv_1078,61EF,,Hatch,""
cv_1082,61EF,,Line,""
cv_1083,61F1,,Line,""
cv_1084,61F2,,Line,""
cv_1088,61F3,,Line,""
cv_1092,5606,54F6,Line,"PERFIL_30_7_2019_8_51_3_9"
cv_1093,61F4,,Text,""
cv_1096,54B1,54F6,Text,"PERFIL_30_7_2019_8_51_3_10"
cv_1097,61F5,,Text,""
cv_1100,54B2,54F6,Text,"PERFIL_30_7_2019_8_51_3_11"
cv_1102,61F6,,Line,""
cv_1103,61F7,,Line,""
cv_1104,61F8,,Line,""
cv_1105,61F9,,Line,""
cv_1106,61FA,,Line,""
cv_1107,61FB,,Line,""
cv_1108,61FC,,Line,""
cv_1112,54B3,54F6,Line,"PERFIL_30_7_2019_8_51_3_12"
cv_1113,54B4,54F6,Line,"PERFIL_30_7_2019_8_51_3_12"
cv_1114,54B5,54F6,Line,"PERFIL_30_7_2019_8_51_3_12"
cv_1115,54B6,54F6,Line,"PERFIL_30_7_2019_8_51_3_12"
cv_1116,54B7,54F6,Line,"PERFIL_30_7_2019_8_51_3_12"
cv_1118,61FD,,Line,""
cv_1122,54B8,54F6,Line,"PERFIL_30_7_2019_8_51_3_13"
cv_1124,61FE,,Line,""
cv_1128,54B9,54F6,Line,"PERFIL_30_7_2019_8_51_3_14"
cv_1130,61FF,,Line,""
cv_1134,54BA,54F6,Line,"PERFIL_30_7_2019_8_51_3_15"
cv_1136,6200,,Line,""
cv_1140,54BB,54F6,Line,"PERFIL_30_7_2019_8_51_3_16"
cv_1141,6201,,Text,""
cv_1144,54BC,54F6,Text,"PERFIL_30_7_2019_8_51_3_17"
cv_1146,6202,,Polyline,""
cv_1150,6203,,Polyline,""
cv_1154,54BD,54F6,Polyline,"PERFIL_30_7_2019_8_51_3_18"
cv_1156,6205,,Hatch,""
cv_1158,6208,,Hatch,""
cv_1160,6204,,Polyline,""
cv_1161,6207,,Polyline,""
cv_1162,6205,,Text,""
cv_1163,6208,,Text,""
cv_1167,5607,54F6,Hatch,"PERFIL_30_7_2019_8_51_3_19"
cv_1169,5608,54F6,Hatch,"PERFIL_30_7_2019_8_51_3_19"
cv_1171,54BF,54F6,Polyline,"PERFIL_30_7_2019_8_51_3_19"
cv_1172,54C1,54F6,Polyline,"PERFIL_30_7_2019_8_51_3_19"
cv_1173,5607,54F6,Text,"PERFIL_30_7_2019_8_51_3_19"
cv_1174,5608,54F6,Text,"PERFIL_30_7_2019_8_51_3_19"
cv_1175,9E0A,,Text,""
cv_1176,9E0B,,Text,""
cv_1177,9E0C,,Text,""
cv_1178,9E11,,Text,""
cv_1179,9E12,,Text,""
cv_1180,9E13,,Text,""
cv_1181,9E1C,,Text,""
cv_1182,9E2B,,Text,""
cv_1183,B7AB,,Text,""
cv_1184,B7AC,,Text,""
cv_1185,B7B6,,Text,""
cv_1186,9E10,,Text,""
cv_1187,9E1B,,Text,""
cv_1190,9E0D,,Text,""
cv_1191,9E0E,,Text,""
cv_1192,9E0F,,Text,""
cv_1193,9E16,,Text,""
cv_1194,9E17,,Text,""
cv_1195,9E18,,Text,""
cv_1196,9E19,,Text,""
cv_1197,9E1A,,Text,""
cv_1201,9E35,,Polyline,""
cv_1202,9E36,,Polyline,""
cv_1203,BBD2,,Line,""
cv_1204,BBD3,,Line,""
cv_1205,BBD4,,Line,""
cv_1206,BBD5,,Line,""
cv_1207,BFE1,,Line,""
cv_1208,BFE2,,Line,""
cv_1209,BFE3,,Line,""
cv_1210,BFE4,,Line,""
cv_1211,532A,,MText,""
cv_1212,532A,,MText,""
cv_1216,9E37,,Polyline,""
cv_1217,9E38,,Polyline,""
cv_1218,9E39,,Polyline,""
cv_1222,B8BC,,Hatch,""
cv_1223,B936,,Hatch,""
cv_1227,B8BF,,Circle,""
cv_1228,BCF5,,Circle,""
cv_1229,BD01,,Circle,""
cv_1230,BD03,,Circle,""
cv_1231,BD05,,Circle,""
cv_1232,BD07,,Circle,""
cv_1233,BD0F,,Circle,""
cv_1234,BD13,,Circle,""
cv_1235,BD15,,Circle,""
cv_1236,BD17,,Circle,""
cv_1237,BD19,,Circle,""
cv_1238,BD1B,,Circle,""
cv_1239,BD1F,,Circle,""
cv_1240,BD28,,Circle,""
cv_1241,BD2A,,Circle,""
cv_1242,BD2E,,Circle,""
cv_1243,BD30,,Circle,""
cv_1244,BD32,,Circle,""
cv_1245,BD36,,Circle,""
cv_1246,BCF7,,Circle,""
cv_1247,BCFF,,Circle,""
cv_1248,BD09,,Circle,""
cv_1249,BD11,,Circle,""
cv_1250,BD1D,,Circle,""
cv_1251,BD2C,,Circle,""
cv_1252,BD34,,Circle,""
cv_1253,C0B8,,Circle,""
cv_1254,C0B9,,Circle,""
cv_1255,C0BA,,Circle,""
cv_1256,C0BB,,Circle,""
cv_1257,C0C2,,Circle,""
cv_1258,C0C3,,Circle,""
cv_1259,C0C4,,Circle,""
cv_1260,C0C5,,Circle,""
cv_1261,C0C7,,Circle,""
cv_1262,C0C9,,Circle,""
cv_1263,C0CA,,Circle,""
cv_1264,C0CB,,Circle,""
cv_1265,C0BC,,Circle,""
cv_1266,C0BD,,Circle,""
cv_1267,C0BE,,Circle,""
cv_1268,C0BF,,Circle,""
cv_1269,C0C1,,Circle,""
cv_1270,C0C8,,Circle,""
cv_1271,C0C0,,Circle,""
cv_1275,B96C,,Circle,""
cv_1276,B970,,Circle,""
cv_1277,B974,,Circle,""
cv_1278,B96B,,Text,""
cv_1279,B96D,,Text,""
cv_1280,B96E,,Text,""
cv_1281,B96F,,Text,""
cv_1282,B971,,Text,""
cv_1283,B972,,Text,""
cv_1284,B973,,Text,""
cv_1285,B975,,Text,""
cv_1286,B976,,Text,""
cv_1290,B9B9,,Point,""
cv_1291,B9FC,,Point,""
cv_1292,BA00,,Point,""
cv_1293,BA03,,Point,""
cv_1294,BA06,,Point,""
cv_1295,BA09,,Point,""
cv_1296,BA0C,,Point,""
cv_1297,BA0F,,Point,""
cv_1298,BA12,,Point,""
cv_1299,BA15,,Point,""
cv_1300,BA18,,Point,""
cv_1301,B9B9,,Point,""
cv_1302,B9FC,,Point,""
cv_1303,BA00,,Point,""
cv_1304,BA03,,Point,""
cv_1305,BA06,,Point,""
cv_1306,BA09,,Point,""
cv_1307,BA0C,,Point,""
cv_1308,BA0F,,Point,""
cv_1309,BA12,,Point,""
cv_1310,BA15,,Point,""
cv_1311,BA18,,Point,""
cv_1315,B9BA,,Point,""
cv_1316,B9BE,,Point,""
cv_1317,B9C1,,Point,""
cv_1318,B9C4,,Point,""
cv_1319,B9C7,,Point,""
cv_1320,B9CA,,Point,""
cv_1321,B9CD,,Point,""
cv_1322,B9D0,,Point,""
cv_1323,B9D3,,Point,""
cv_1324,B9D6,,Point,""
cv_1325,B9DC,,Point,""
cv_1326,B9DF,,Point,""
cv_1327,B9E2,,Point,""
cv_1328,B9E5,,Point,""
cv_1329,B9FD,,Point,""
cv_1330,B9BA,,Point,""
cv_1331,B9BE,,Point,""
cv_1332,B9C1,,Point,""
cv_1333,B9C4,,Point,""
cv_1334,B9C7,,Point,""
cv_1335,B9CA,,Point,""
cv_1336,B9CD,,Point,""
cv_1337,B9D0,,Point,""
cv_1338,B9D3,,Point,""
cv_1339,B9D6,,Point,""
cv_1340,B9DC,,Point,""
cv_1341,B9DF,,Point,""
cv_1342,B9E2,,Point,""
cv_1343,B9E5,,Point,""
cv_1344,B9FD,,Point,""
cv_1347,B9BB,,Text,""
cv_1348,B9BC,,Text,""
cv_1349,B9BF,,Text,""
cv_1350,B9C2,,Text,""
cv_1351,B9C5,,Text,""
cv_1352,B9C8,,Text,""
cv_1353,B9CB,,Text,""
cv_1354,B9CE,,Text,""
cv_1355,B9D1,,Text,""
cv_1356,B9D4,,Text,""
cv_1357,B9D7,,Text,""
cv_1358,B9DA,,Text,""
cv_1359,B9DD,,Text,""
cv_1360,B9E0,,Text,""
cv_1361,B9E6,,Text,""
cv_1362,B9E8,,Text,""
cv_1363,B9EB,,Text,""
cv_1364,B9EE,,Text,""
cv_1365,B9F1,,Text,""
cv_1366,B9F4,,Text,""
cv_1367,B9F7,,Text,""
cv_1368,B9FA,,Text,""
cv_1369,B9FE,,Text,""
cv_1370,BA01,,Text,""
cv_1371,BA04,,Text,""
cv_1372,BA07,,Text,""
cv_1373,BA0A,,Text,""
cv_1374,BA0D,,Text,""
cv_1375,BA10,,Text,""
cv_1376,BA13,,Text,""
cv_1377,BA16,,Text,""
cv_1378,B9E3,,Text,""
cv_1381,B9BD,,Text,""
cv_1382,B9C0,,Text,""
cv_1383,B9C3,,Text,""
cv_1384,B9C6,,Text,""
cv_1385,B9C9,,Text,""
cv_1386,B9E7,,Text,""
cv_1387,B9E9,,Text,""
cv_1388,B9EC,,Text,""
cv_1389,B9EF,,Text,""
cv_1390,B9F2,,Text,""
cv_1391,B9F5,,Text,""
cv_1392,B9F8,,Text,""
cv_1393,B9FB,,Text,""
cv_1394,B9FF,,Text,""
cv_1395,BA02,,Text,""
cv_1396,BA05,,Text,""
cv_1397,BA08,,Text,""
cv_1398,BA0B,,Text,""
cv_1399,BA0E,,Text,""
cv_1400,BA11,,Text,""
cv_1401,BA14,,Text,""
cv_1402,BA17,,Text,""
cv_1403,B9CC,,Text,""
cv_1404,B9CF,,Text,""
cv_1405,B9D2,,Text,""
cv_1406,B9D5,,Text,""
cv_1407,B9D8,,Text,""
cv_1408,B9DB,,Text,""
cv_1409,B9DE,,Text,""
cv_1410,B9E1,,Text,""
cv_1411,B9E4,,Text,""
cv_1415,B9D9,,Point,""
cv_1416,B9EA,,Point,""
cv_1417,B9ED,,Point,""
cv_1418,B9F0,,Point,""
cv_1419,B9F3,,Point,""
cv_1420,B9F6,,Point,""
cv_1421,B9F9,,Point,""
cv_1422,B9D9,,Point,""
cv_1423,B9EA,,Point,""
cv_1424,B9ED,,Point,""
cv_1425,B9F0,,Point,""
cv_1426,B9F3,,Point,""
cv_1427,B9F6,,Point,""
cv_1428,B9F9,,Point,""
cv_1432,C432,B7BE,Line,"MALHA_20"
cv_1433,C433,B7BE,Line,"MALHA_20"
cv_1434,C434,B7BE,Line,"MALHA_20"
cv_1435,C435,B7BE,Line,"MALHA_20"
cv_1436,C436,B7BE,Line,"MALHA_20"
cv_1437,C437,B7BE,Line,"MALHA_20"
cv_1438,C438,B7BE,Line,"MALHA_20"
cv_1439,C439,B7BE,Text,"MALHA_20"
cv_1440,C43A,B7BE,Text,"MALHA_20"
cv_1441,C43B,B7BE,Text,"MALHA_20"
cv_1442,C43C,B7BE,Text,"MALHA_20"
cv_1443,C43D,B7BE,Text,"MALHA_20"
cv_1444,C43E,B7BE,Text,"MALHA_20"
cv_1445,C43F,B7BE,Text,"MALHA_20"
